5737
339
17300
107499
116782
89942
21316
35102
150754
74888
24696
15910
3989
12700
7419
117866
84633
11262
108726
24979
4783
104548
14694
114131
62767
94704
658
9268
126833
69352
92373
3256
65107
142860
65006
5678
10387
16178
15402
56619
7440
105851
129850
140
2527
76680
39914
24738
870
32279
11112
78579
117446
1034
96344
39789
38551
138950
40019
11653
65678
10147
108299
17259
4225
26594
120227
10669
102321
38309
96151
333
42397
73393
67443
9805
13469
136225
15530
137248
36982
86626
42062
592
67078
47213
145605
802
121592
51322
70861
64651
4877
137763
990
108619
105033
16883
78812
88138
7509
109051
70664
24901
108357
101275
1908
140015
63004
131459
47677
31885
66048
142013
8981
94880
97243
12740
80668
14919
121608
108350
64797
76395
41170
57381
138541
9497
131157
113244
618
74174
111472
66357
43440
98580
7578
145142
46419
115022
38130
115576
56812
81802
111333
104712
107594
38901
2177
133995
20697
122310
16729
140986
126323
116993
20147
152380
77562
84557
34483
113568
5628
684
142536
57753
105454
70020
17843
86212
95101
40378
139573
82506
57436
4411
44283
147022
47821
88593
114307
41156
46660
50350
26914
73143
151014
21789
62271
132745
116338
7110
89533
92120
86765
51641
138462
137755
123578
100023
7090
97442
84683
27629
91647
56747
94397
55572
104595
114316
85988
138038
118705
112229
32358
38900
100092
2857
149420
100986
96083
134315
150274
109962
134000
40555
85463
41420
10524
101723
75096
93589
85505
92860
157295
70584
95696
101687
85169
42976
100870
17537
113611
141931
133594
47278
156970
89988
112901
131006
133516
34753
123128
50433
4387
9438
158338
153701
81513
125960
130074
24502
13173
128845
146809
3890
112027
96584
34651
111717
25580
85280
21950
99007
154668
130501
110771
53746
94844
128215
84267
145786
84892
50928
92925
31669
130700
5672
112614
101548
6457
141223
137231
85303
120036
88441
89402
132161
67876
118370
155486
64871
139080
55544
30336
148854
138231
58381
145811
14678
149999
5356
68259
33676
22466
65673
149228
137012
81265
144030
67971
31234
157980
143188
148823
50262
157077
70778
52256
24559
43122
31153
76251
51954
18187
147591
29100
31431
136295
154733
140503
136069
73877
50082
62521
60595
151019
135801
137894
56007
83027
55003
10284
66615
146117
141291
26015
39503
32909
155306
148833
68908
19255
49500
147378
73552
73335
158591
20222
139452
21623
27889
81301
40758
50175
146406
69896
150094
147872
11310
60239
21634
54846
78258
26565
22407
41494
781
80565
54807
9015
148436
54123
72827
648
13546
135744
152031
472
78514
84351
86709
85598
130646
80302
99364
131804
113483
125185
91603
123098
94016
98503
129444
77709
129226
114020
126723
78678
99461
101186
135617
72149
81873
105110
113427
81332
84853
71470
123550
133151
116353
123752
125344
71679
113268
78122
79426
71896
96769
86039
120974
115792
83945
121818
113243
89213
76112
128024
86399
83198
92781
107956
99881
111443
73493
85029
103128
103694
81262
127841
79722
90733
111328
74780
93189
95214
127871
73006
129263
109166
91476
94863
80866
105544
114143
109050
102465
91965
70984
104603
135657
131750
122695
92861
85053
130791
106484
128649
88267
120481
131551
108593
128751
100309
83059
117108
111186
106402
72866
41378
4720
43500
57801
8051
68342
33506
62381
58107
25092
55770
43309
31902
2383
34447
11585
42159
47441
62990
62064
69298
24525
38460
23518
4629
35347
25538
39359
62222
19652
13153
59662
42366
66037
38797
158181
68150
54923
53671
12623
60382
25220
58151
53011
5338
43108
9969
64411
50396
68144
16911
64109
50341
22457
45123
29027
19175
14178
26970
65943
4942
53098
1074
64234
51462
39684
19696
31105
39652
804
39102
57330
48451
38484
55269
24604
14699
55149
26154
9161
52370
55569
70184
53317
50625
28568
5763
3719
58791
45223
43592
158902
61263
16631
16490
27040
63847
26527
38598
2034
155520
154011
137255
134663
124405
148373
127798
143119
138539
132015
154633
125240
125840
136533
156502
157470
144267
141978
135638
133384
127022
130321
134500
140331
130176
129351
153695
154425
131842
127629
136890
129265
132416
134446
150926
133787
127899
157753
135894
148300
131708
148464
140989
144937
129064
156709
149549
135639
152017
141022
141258
131483
141335
137612
148237
149983
129789
155077
151415
147937
139652
156554
129878
139395
131734
134664
150124
136733
137862
130112
157388
126736
132110
139592
156358
129335
144394
132610
134462
133297
156758
141851
155209
151506
144714
153025
128548
157069
150304
135618
132567
148297
125590
129594
133730
136725
145109
144216
126637
139669
104255
92273
118165
87686
95896
88997
115013
113018
117671
103418
100948
97454
99004
115585
96516
85563
107463
111008
93266
96107
112914
102521
119669
122206
111889
117700
116233
92394
106922
117694
92637
120497
102257
103478
103270
121166
100913
122766
89441
106468
100656
97404
123085
90346
94409
120489
109494
123645
115831
87763
121795
118230
113128
91935
92598
120889
122239
109789
118631
122470
100360
100233
96142
108141
90526
99236
111310
121859
120594
97360
94754
92437
95479
115643
87993
99600
111054
106899
107761
95832
106909
104249
85572
108697
102222
118716
114479
109270
116048
96642
101341
94297
117052
103468
86123
113589
88479
110662
119888
90203
57308
47786
67466
55215
45858
69351
65548
82121
69839
61343
46039
60758
78001
51898
67773
67715
55069
71395
56524
45427
51776
54641
81100
58911
82945
51419
73930
52583
82155
78485
70330
66775
59446
67866
82792
48433
66600
77024
58616
61610
59847
53164
77899
83217
46076
72035
50725
69427
75658
52666
60575
51398
80373
73173
50164
44595
62747
73088
62738
79206
46968
55757
46425
70560
73530
45249
55226
81797
65133
57518
77945
65494
52512
49438
67087
81065
81756
81371
59297
72728
71117
51193
75675
58319
51761
56803
63240
75100
46781
60082
84889
53414
60253
68445
46046
66589
73968
51393
83472
70365
69089
24281
19113
124209
25419
55233
6546
20783
33136
8068
42051
43117
24288
26253
39255
8365
31993
27573
34305
40399
28537
11293
5416
10761
41440
20418
37452
42674
79680
39777
41011
21396
58390
35899
142468
43045
18036
43967
150548
41477
36145
42014
43924
40453
30930
43452
43354
33371
92705
35052
15405
42502
42854
34943
17008
18756
38993
30959
131801
25480
93269
7955
10680
6451
19315
28339
42711
21708
38000
114293
28432
40613
32460
28829
42583
14306
14037
36933
40553
29048
34821
117846
13053
156208
22721
25222
137014
16760
36291
12690
146213
41176
31555
42298
39377
14759
34211
101602
27747
16984