1000
2611 4184 32691
2611 4184 52695
2611 4184 127718
2611 4366 137770
2611 4366 141261
2611 4366 158519
2611 4366 159075
2611 4366 159107
2611 4366 159117
2611 4366 159130
2611 4366 159151
2611 4443 142182
2611 4443 158719
2611 4906 11367
2611 5504 7088
2611 6166 67994
2611 6382 159058
2611 6382 159115
2611 6382 159140
2611 6701 159126
2611 7267 67994
2611 8158 67994
2611 8158 132514
2611 8158 149120
2611 8158 158865
2611 8927 47530
2611 9944 92776
2611 10144 72659
2611 10173 35957
2611 11024 26659
2611 11221 158194
2611 11359 157532
2611 11693 36613
2611 11745 102620
2611 13018 152994
2611 13124 86585
2611 13124 154660
2611 13164 95297
2611 14328 39873
2611 16012 141774
2611 16012 158080
2611 16012 158960
2611 16012 158961
2611 16447 157025
2611 16957 59782
2611 17283 49094
2611 19255 122029
2611 19799 126354
2611 19906 122252
2611 19906 159075
2611 21530 159041
2611 22850 158915
2611 22850 159075
2611 22877 39588
2611 24042 53390
2611 24406 158010
2611 24406 159164
2611 24419 142182
2611 26924 159147
2611 28325 158046
2611 31574 67622
2611 31833 142182
2611 32064 114076
2611 32691 126405
2611 32691 134647
2611 32691 158193
2611 32691 159131
2611 32851 159057
2611 33973 107125
2611 33973 153605
2611 33973 157583
2611 33973 159122
2611 33973 159123
2611 33973 159125
2611 34858 122029
2611 34858 130902
2611 34858 159038
2611 35702 107274
2611 37556 113988
2611 37695 159137
2611 37859 107584
2611 38121 156328
2611 39873 67994
2611 39873 97514
2611 39873 155720
2611 41407 159139
2611 42076 121645
2611 42076 159046
2611 43424 67110
2611 43424 159148
2611 44381 158894
2611 45034 149871
2611 45387 112438
2611 45786 99150
2611 46215 102620
2611 46694 152549
2611 50768 129952
2611 51119 58536
2611 52344 159157
2611 52695 158505
2611 52695 158519
2611 52695 159002
2611 53636 120227
2611 53766 158505
2611 53766 159046
2611 53766 159058
2611 54331 68678
2611 55581 122029
2611 56537 59321
2611 58498 105580
2611 58498 158616
2611 61196 79083
2611 61607 82762
2611 61612 159091
2611 62362 153628
2611 64257 154032
2611 64688 157278
2611 65017 154055
2611 65017 158926
2611 65017 159106
2611 65017 159161
2611 66825 67994
2611 67352 157808
2611 67849 148344
2611 67994 132514
2611 67994 135664
2611 67994 140017
2611 67994 146310
2611 67994 148344
2611 67994 155329
2611 67994 155720
2611 67994 157533
2611 67994 158294
2611 67994 158410
2611 67994 158839
2611 67994 158994
2611 67994 159037
2611 67994 159062
2611 67994 159091
2611 67994 159102
2611 67994 159103
2611 67994 159137
2611 67994 159142
2611 67994 159144
2611 67994 159147
2611 70131 155630
2611 70780 140833
2611 70780 158410
2611 70780 159077
2611 70845 159118
2611 71757 154055
2611 71757 159111
2611 73258 159060
2611 74218 159141
2611 74334 117211
2611 74334 126430
2611 75292 86585
2611 75459 142182
2611 78233 159145
2611 80527 139394
2611 81002 159162
2611 81684 107591
2611 82977 110128
2611 82977 138013
2611 82977 153605
2611 82977 157522
2611 82977 158125
2611 82977 159096
2611 82977 159113
2611 82977 159116
2611 82977 159165
2611 83551 153605
2611 83713 135737
2611 83713 158194
2611 85110 107287
2611 86585 105580
2611 86585 111327
2611 86585 147580
2611 86585 158051
2611 86585 158865
2611 86585 158915
2611 86585 159130
2611 86585 159132
2611 86585 159134
2611 91744 159163
2611 92776 159164
2611 94054 143360
2611 94727 122987
2611 95297 143795
2611 95297 159165
2611 95436 153860
2611 95436 155329
2611 95436 159100
2611 95623 159002
2611 96295 115737
2611 96295 157719
2611 96295 158033
2611 96295 158970
2611 96295 159014
2611 98685 120442
2611 102620 143795
2611 102620 159160
2611 102926 155199
2611 103271 146293
2611 104712 137913
2611 104712 146448
2611 104916 159168
2611 105580 125624
2611 105580 140017
2611 105580 141318
2611 105580 149960
2611 105580 158370
2611 105580 159110
2611 106499 159057
2611 106759 147875
2611 107125 156167
2611 107287 151716
2611 107287 158926
2611 107287 159164
2611 107606 159158
2611 108475 159155
2611 111327 115286
2611 111327 125624
2611 111327 141261
2611 112129 157583
2611 112438 156472
2611 113320 155329
2611 113867 153711
2611 114076 159097
2611 115462 159057
2611 115486 140017
2611 117901 159128
2611 117905 122029
2611 119535 159130
2611 120227 153171
2611 120227 153587
2611 120227 154440
2611 120273 134647
2611 120600 158046
2611 120600 159160
2611 121332 157689
2611 122029 125624
2611 122029 157906
2611 122029 158915
2611 122136 158067
2611 122252 137770
2611 122252 154055
2611 122252 156039
2611 122252 158142
2611 122252 159156
2611 122567 155205
2611 122567 158080
2611 122567 158299
2611 122567 158370
2611 122567 159134
2611 122567 159135
2611 122567 159136
2611 122567 159163
2611 122595 141261
2611 122595 145151
2611 122595 154055
2611 122595 155660
2611 122595 158185
2611 122595 158680
2611 122595 158965
2611 122595 159045
2611 122595 159074
2611 122595 159095
2611 122595 159104
2611 122595 159117
2611 122987 153881
2611 125518 131903
2611 125518 158612
2611 125624 157906
2611 125624 158680
2611 125624 158865
2611 125624 159110
2611 126474 159107
2611 126967 158579
2611 127718 159107
2611 131021 154711
2611 131047 146689
2611 131150 159104
2611 132514 156043
2611 132936 159098
2611 134355 159143
2611 136661 140408
2611 136661 158779
2611 136661 159099
2611 137770 157064
2611 137770 157533
2611 138013 153605
2611 138013 159165
2611 138171 158990
2611 138922 143795
2611 139720 159075
2611 140408 159116
2611 141261 157064
2611 141774 158894
2611 142182 157533
2611 142846 145094
2611 143795 149574
2611 143795 155205
2611 143795 157064
2611 143795 157533
2611 143795 159149
2611 143795 159153
2611 143795 159155
2611 143795 159159
2611 145824 153605
2611 146448 158801
2611 147580 159057
2611 148542 158850
2611 150442 158687
2611 151238 158124
2611 151578 159124
2611 151597 158480
2611 151822 158820
2611 153288 159164
2611 153860 155329
2611 153928 159146
2611 154055 155720
2611 154364 154995
2611 154440 158991
2611 154634 159059
2611 155329 157671
2611 155329 159045
2611 155329 159079
2611 155329 159102
2611 155350 158894
2611 155605 158961
2611 155605 159114
2611 155720 159119
2611 156043 159133
2611 156527 157446
2611 157064 157533
2611 157064 159151
2611 157999 158662
2611 158096 158719
2611 158481 158601
2611 158613 159117
2611 158806 158894
2611 158894 159117
2611 158894 159152
2611 158915 159146
2611 158926 159161
2611 159019 159112
2611 159037 159060
2611 159060 159127
2611 159060 159164
2612 76 151822
2612 109 28211
2612 168 78726
2612 286 4002
2612 286 158480
2612 286 158602
2612 286 159199
2612 584 1546
2612 721 133708
2612 962 2803
2612 1184 147609
2612 1583 158820
2612 1672 150405
2612 1850 4298
2612 1850 159199
2612 2213 12876
2612 2660 62359
2612 2733 4980
2612 2957 112158
2612 3328 148525
2612 3649 107287
2612 3654 105580
2612 3694 158850
2612 3810 158552
2612 4002 54129
2612 4102 150240
2612 4102 159196
2612 4102 159236
2612 4261 67994
2612 4366 123233
2612 4366 134034
2612 4443 91744
2612 4443 158719
2612 5295 122252
2612 5693 69950
2612 6382 27647
2612 6382 32691
2612 6382 34858
2612 6382 64688
2612 6382 95297
2612 6382 109881
2612 6382 118357
2612 6382 122595
2612 6382 122643
2612 6382 125624
2612 6382 131087
2612 6382 134034
2612 6382 136809
2612 6382 140313
2612 6382 144083
2612 6382 145559
2612 6382 149878
2612 6382 155006
2612 6382 158110
2612 6382 158901
2612 6382 159186
2612 6382 159189
2612 6382 159191
2612 6382 159218
2612 6382 159221
2612 6662 159199
2612 7219 146327
2612 7475 65017
2612 7782 87365
2612 7788 159215
2612 8169 13124
2612 8462 29183
2612 8462 33153
2612 8462 130433
2612 8462 156698
2612 8462 157575
2612 8462 159204
2612 8462 159207
2612 8462 159240
2612 9029 80735
2612 9976 69666
2612 10232 140313
2612 10363 46127
2612 10363 52958
2612 10667 157956
2612 10695 89815
2612 10924 156442
2612 11041 117567
2612 11221 150240
2612 12027 159205
2612 12080 159183
2612 13124 136809
2612 13124 154660
2612 13124 159192
2612 13733 122595
2612 15129 25929
2612 16012 25215
2612 16012 40388
2612 16012 89578
2612 16012 157956
2612 17505 109124
2612 18565 120239
2612 19020 159242
2612 19093 52695
2612 19093 70055
2612 19093 82977
2612 19218 127069
2612 19799 134034
2612 19906 159075
2612 20860 27595
2612 20925 93506
2612 21255 126419
2612 23270 158616
2612 24215 159174
2612 24509 159232
2612 25929 70780
2612 25929 109881
2612 25929 153190
2612 25929 159241
2612 26783 159042
2612 29343 107287
2612 30659 105580
2612 32206 152994
2612 32548 95839
2612 32691 159131
2612 32691 159203
2612 33153 66433
2612 33153 82977
2612 35390 147043
2612 36742 64688
2612 37190 105580
2612 37695 67994
2612 38773 159199
2612 39873 97514
2612 39873 155720
2612 40388 64688
2612 42076 53766
2612 42076 66441
2612 42076 96295
2612 42076 115194
2612 42076 139746
2612 42076 159046
2612 42076 159152
2612 42076 159190
2612 42076 159220
2612 42361 96664
2612 42424 159224
2612 42700 57799
2612 45117 89532
2612 45592 82977
2612 48028 106799
2612 48248 157047
2612 48978 159120
2612 50014 159221
2612 50768 129952
2612 51554 152994
2612 52695 95297
2612 52695 158971
2612 52695 159035
2612 52695 159068
2612 52695 159081
2612 53406 66809
2612 53636 159194
2612 53766 156698
2612 53766 159046
2612 53766 159129
2612 53766 159211
2612 55803 159170
2612 57211 106835
2612 58954 68678
2612 60057 152994
2612 61893 105580
2612 61893 159187
2612 62024 158991
2612 63290 159175
2612 64420 159226
2612 64688 65017
2612 64688 83551
2612 64688 119935
2612 64688 122595
2612 64688 123233
2612 64688 134034
2612 64688 153605
2612 64688 155350
2612 64688 158194
2612 64688 159172
2612 64688 159201
2612 64688 159202
2612 64688 159211
2612 65017 158616
2612 66433 132250
2612 66433 141460
2612 67994 123233
2612 67994 158294
2612 67994 158994
2612 67994 159137
2612 67994 159147
2612 67994 159178
2612 68678 145151
2612 69950 159222
2612 70055 74334
2612 70055 105580
2612 70780 82977
2612 70780 123233
2612 70780 132514
2612 70780 159198
2612 71757 139310
2612 71757 159202
2612 72379 159181
2612 72787 159121
2612 73899 159233
2612 73899 159238
2612 74334 153896
2612 75046 144069
2612 78233 159169
2612 78557 157719
2612 78845 93506
2612 80527 139974
2612 80527 159216
2612 80735 99375
2612 80978 92288
2612 81274 104492
2612 82100 156098
2612 82977 134081
2612 82977 140165
2612 82977 159166
2612 82977 159173
2612 83118 122595
2612 83118 155329
2612 83551 125624
2612 83551 150920
2612 83713 148525
2612 83713 157956
2612 85110 107287
2612 86585 125624
2612 86666 146173
2612 89578 140809
2612 89578 157533
2612 89578 159057
2612 91744 122029
2612 91744 131087
2612 91744 159186
2612 91744 159221
2612 91941 122595
2612 92326 139613
2612 93729 119919
2612 95436 155720
2612 95436 159210
2612 96295 122567
2612 96295 155720
2612 96295 159150
2612 96295 159190
2612 97514 130205
2612 98055 102805
2612 99067 125624
2612 100012 128267
2612 100134 153459
2612 102490 118974
2612 105039 108872
2612 105580 128267
2612 105580 131150
2612 105580 136809
2612 105580 138758
2612 105580 153896
2612 105580 154121
2612 105580 155350
2612 105580 158080
2612 105580 158194
2612 105580 158850
2612 105580 159089
2612 105580 159108
2612 105580 159172
2612 105580 159177
2612 105580 159209
2612 106799 127851
2612 106799 159193
2612 107368 113817
2612 107395 112555
2612 107526 159228
2612 107606 159237
2612 111327 125624
2612 111327 141458
2612 112971 157742
2612 113817 122567
2612 113988 159065
2612 114016 156698
2612 114314 155329
2612 115340 155329
2612 117901 159128
2612 120571 139012
2612 122252 132514
2612 122252 156039
2612 122252 159195
2612 122567 159129
2612 122567 159202
2612 122595 128436
2612 122595 136809
2612 122595 145559
2612 122595 153605
2612 122595 155350
2612 122595 159173
2612 122595 159177
2612 123233 125624
2612 124293 148211
2612 124766 132514
2612 125624 148189
2612 125624 158602
2612 125624 158725
2612 127191 159227
2612 129324 159217
2612 130433 130642
2612 130642 159170
2612 130978 159226
2612 131187 159231
2612 131631 136029
2612 132533 159233
2612 135117 158839
2612 135734 145317
2612 136809 158894
2612 138591 159067
2612 139205 159200
2612 140055 159185
2612 141460 153274
2612 142649 159219
2612 145094 159067
2612 146173 157834
2612 146173 159154
2612 146173 159167
2612 146173 159176
2612 146782 159184
2612 147520 154121
2612 148211 155006
2612 149920 159209
2612 150805 158227
2612 153019 158637
2612 153366 154164
2612 153639 159198
2612 154055 155720
2612 154164 158602
2612 154711 155350
2612 155329 155350
2612 155329 159171
2612 155329 159176
2612 155329 159180
2612 155350 158894
2612 155399 156051
2612 155720 156517
2612 156043 157064
2612 156043 159206
2612 157719 159008
2612 158602 159086
2612 158806 158894
2612 158894 159182
2612 158894 159197
2612 158894 159212
2612 158924 159177
2612 159057 159129
2612 159060 159127
2612 159154 159213
2612 159170 159179
2612 159234 159239
2613 334 159285
2613 373 2095
2613 790 15488
2613 1523 116267
2613 1672 159138
2613 1979 159308
2613 2095 53734
2613 2095 105688
2613 2095 129541
2613 2296 84543
2613 3088 130249
2613 4015 118099
2613 4184 32691
2613 5183 10363
2613 5520 123648
2613 5553 109283
2613 6382 13124
2613 6382 32691
2613 6382 63735
2613 6382 76627
2613 6382 82977
2613 6382 96295
2613 6382 106629
2613 6382 122029
2613 6382 152665
2613 6382 155597
2613 6382 158534
2613 6382 158621
2613 6382 159013
2613 6382 159057
2613 6382 159252
2613 6382 159257
2613 6382 159261
2613 6382 159265
2613 6382 159269
2613 6382 159279
2613 6382 159282
2613 6382 159287
2613 6382 159296
2613 6382 159300
2613 8158 131934
2613 8462 38226
2613 8462 145317
2613 8462 158677
2613 8462 159109
2613 8462 159225
2613 8462 159266
2613 8462 159270
2613 8462 159281
2613 8462 159291
2613 8462 159293
2613 8846 128436
2613 9012 79711
2613 9198 37190
2613 10003 102299
2613 10048 122713
2613 11221 150240
2613 11715 159265
2613 12289 54541
2613 12758 112185
2613 13124 159262
2613 13124 159264
2613 13244 136773
2613 15129 73417
2613 15129 152994
2613 15723 159307
2613 16012 156517
2613 16012 158960
2613 16012 159264
2613 16012 159269
2613 17151 67994
2613 17151 107684
2613 17151 141021
2613 17151 159234
2613 17151 159235
2613 19093 82977
2613 19799 116992
2613 19906 92716
2613 19906 155350
2613 19906 159265
2613 20191 134724
2613 20586 130616
2613 20925 93506
2613 21345 58059
2613 23841 89671
2613 23841 109078
2613 24187 49720
2613 25929 62160
2613 25929 92776
2613 25929 158677
2613 25929 159246
2613 25929 159274
2613 25929 159286
2613 28505 46892
2613 29849 159165
2613 30484 158937
2613 32691 158958
2613 36573 159250
2613 37190 158249
2613 39875 123648
2613 40388 64688
2613 42076 139746
2613 42076 159046
2613 46173 143795
2613 50014 114001
2613 50014 147901
2613 50793 124063
2613 50808 159276
2613 50808 159279
2613 50815 159249
2613 51465 60302
2613 53766 138855
2613 56107 147207
2613 58031 159290
2613 59746 158249
2613 60683 64688
2613 61353 159303
2613 61893 159258
2613 62160 151209
2613 63377 159314
2613 63377 159315
2613 64688 78571
2613 64688 106629
2613 64688 109283
2613 64688 136773
2613 64688 139509
2613 64688 140055
2613 64688 141460
2613 64688 145317
2613 64688 147901
2613 64688 155350
2613 64688 159046
2613 64688 159222
2613 64688 159241
2613 64688 159245
2613 64688 159277
2613 64688 159299
2613 64688 159309
2613 65017 158616
2613 66433 156043
2613 66433 159230
2613 67994 82490
2613 67994 158865
2613 67994 159238
2613 67994 159245
2613 67994 159291
2613 68678 155350
2613 70055 74334
2613 70055 130309
2613 70302 143795
2613 70780 82977
2613 70780 140571
2613 71757 155350
2613 71757 159202
2613 71757 159254
2613 71757 159260
2613 71757 159295
2613 74334 159296
2613 78557 157719
2613 78571 136922
2613 82692 155350
2613 82967 159263
2613 82977 109881
2613 82977 110181
2613 82977 114663
2613 82977 118922
2613 82977 139509
2613 82977 140571
2613 82977 152665
2613 82977 158125
2613 82977 158480
2613 82977 159254
2613 82977 159268
2613 82977 159270
2613 82977 159272
2613 82977 159280
2613 83713 130751
2613 83713 157834
2613 83713 159313
2613 83952 159267
2613 86276 122567
2613 86276 145824
2613 88337 132936
2613 88702 152377
2613 89578 140809
2613 89771 159255
2613 92507 114731
2613 92507 114757
2613 92507 124845
2613 92507 131819
2613 92507 138855
2613 92507 159275
2613 92507 159276
2613 92507 159279
2613 93506 143385
2613 95282 151278
2613 95297 143795
2613 96295 122567
2613 96295 122595
2613 96295 159150
2613 96295 159229
2613 96295 159271
2613 98131 127850
2613 100012 135836
2613 102181 151278
2613 103100 139901
2613 104257 143795
2613 105580 125624
2613 106629 122595
2613 106799 158865
2613 106799 159248
2613 107147 159278
2613 107368 122029
2613 110181 151012
2613 112129 159292
2613 112129 159300
2613 114076 130832
2613 117211 125790
2613 117717 119226
2613 119226 159123
2613 120273 122029
2613 120273 143795
2613 122029 122595
2613 122029 143795
2613 122252 156039
2613 122252 159195
2613 122567 131242
2613 122567 159223
2613 122567 159264
2613 122567 159289
2613 122595 125624
2613 122595 145151
2613 122595 157186
2613 122595 158927
2613 122595 159276
2613 122595 159293
2613 122595 159297
2613 123117 136922
2613 123830 143795
2613 125624 158924
2613 126652 153274
2613 126758 147120
2613 127328 159277
2613 128320 158849
2613 132936 158894
2613 135734 145317
2613 136356 159251
2613 136485 143795
2613 136922 159250
2613 138136 159298
2613 139205 159295
2613 140055 159267
2613 140733 159259
2613 141170 159291
2613 141318 159275
2613 142552 143795
2613 143795 155597
2613 143795 156553
2613 143795 158482
2613 143795 159288
2613 143795 159293
2613 143795 159304
2613 143899 159302
2613 145559 159312
2613 145824 159311
2613 147901 159284
2613 148768 159253
2613 149369 159283
2613 150257 158873
2613 150714 159280
2613 154164 159300
2613 154292 159257
2613 154494 159273
2613 155720 159060
2613 155720 159313
2613 156043 159256
2613 156043 159266
2613 156829 159243
2613 157533 159288
2613 157533 159300
2613 157533 159306
2613 158480 158534
2613 158480 159247
2613 158853 159294
2613 158871 159305
2613 158894 159060
2613 158894 159202
2613 158894 159314
2613 159060 159127
2613 159060 159310
2613 159225 159273
2613 159234 159239
2613 159284 159292
2613 159288 159301